+--------+-----------------------+-----------------+
| Exodus | Simulation percentage | Expected result |
+--------+-----------------------+-----------------+
|   2    |          2.8          |       2.78      |
|   3    |          4.9          |       5.56      |
|   4    |          8.5          |       8.33      |
|   5    |          10.3         |      11.11      |
|   6    |          14.9         |      13.89      |
|   7    |          17.3         |      16.67      |
|   8    |          14.8         |      13.89      |
|   9    |          10.6         |      11.11      |
|   10   |          8.0          |       8.33      |
|   11   |          5.0          |       5.56      |
|   12   |          2.9          |       2.78      |
+--------+-----------------------+-----------------+
